3531990 1381991
6741990 1381991
1951990 1381991
3201990 1381991
1491990 1381991
1831990 1381991
1041990 1381991
5211990 1381991
4941990 1381991
2261990 1381991
2221990 1381991
1381991 291992
421991 291992
1311991 721992
161991 291992
291992 371993
991992 371993
41992 371993
721992 411993
371993 381994
861993 381994
491993 381994
411993 611994
841993 381994
381994 91995
711994 521995
191994 91995
611994 261995
91995 91996
521995 91996
261995 281996
441995 91996
91996 401997
431996 401997
11996 51997
281996 351997
401997 201998
231997 71998
351997 51998
51997 81998
201998 161999
71998 301999
51998 251999
81998 281999
161999 172000
301999 172000
281999 172000
251999 132000
172000 92001
122000 92001
62000 92001
132000 182001
182001 92002
92001 82002
12001 82002
142001 82002
82001 82002
82002 52003
122002 62003 42003
92002 52003
62002 52003
52003 42004 82004
42003 92004 72004
62003 122004
82004 92005
72004 92005
122004 92005
42004 42005
92004 92005
92005 62006
82005 62006
52005 62006
42005 92006
62006 82007
42006 82007
92006 42007
112006 82007
82007 32008
92007 32008
62007 32008
42007 42008
102007 32008
32008 62009
52008 62009
22008 62009
42008 52009
62009 72010
12009 62010
52009 52010
32009 32010
42009 32010 42010
